9220425
9225981
9258242
1005539
9217284
1005469
1005430
9208148
9207668
1005452
9048974
9221675
9220565
9214701
9208088
9207310
9049077
1005494
9214866
9220010
9048990
1005537
9049021
9216329
9255748
9049045
9246681
9049071
9222166
9219601
9196072
1005478
9222880
9220917
9213869
9196381
1005432
9196526
9226276
9263218
9244101
9223471
9219424
9211455
9233578
9219347
9250409
9210369
9214726
9221831
9218762
9048997
9213733
9215608
9247012
9212568
9217131
9049026
9208515
9236936
9211549
9224918
9251242
9227539
9217216
9049073
9212649
9254627
9232020
9216721
9222457
9208798
9217150
9219825
9242859
9236389
9207733
9239946
9209874
9244235
9216003
9207897
9212742
9049153
9228948
9214715
9219000
9214914
9049182
9217355
9228591
9208693
9222685
9234973
9207234
9233347
9049211
9222542
9210239
9216816
9222479
9216625
9049238
9049241
9246819
9214801
1005523
9207319
9247678
